datetime:18:57:34 runtime:14.097706079483032 result:success
datetime:19:07:13 runtime:137.12469053268433 result:success
