datetime:11:12:30 runtime:15.567569971084595 result:success
datetime:13:11:31 runtime:1631.733417749405 result:success
