datetime:19:58:10 runtime:354.50280475616455 result:success
datetime:20:06:57 runtime:329.98719024658203 result:success
