datetime:10:54:34 runtime:151.7915096282959 result:success
datetime:11:17:04 runtime:120.23131227493286 result:success
