datetime:16:33:02 runtime:173.59854817390442 result:success
datetime:16:47:00 runtime:57.48612880706787 result:success
