datetime:18:57:17 runtime:27.7873637676239 result:success
datetime:19:04:54 runtime:23.76223087310791 result:success
