datetime:12:30:09 runtime:183.80497789382935 result:success
datetime:13:30:12 runtime:218.5593855381012 result:success
